0	1.0079e+07	4.8638e+05	-0.0012592	4.5373	36076	0.0019991	7.1975	0.10527
2	1.0216e+07	4.9491e+05	4.1814e-05	4.5611	33454	-0.0046549	7.3508	0.09824
4	1.0329e+07	4.8578e+05	4.962e-05	4.5362	44585	-0.01474	7.0637	0.12505
6	1.0418e+07	4.9211e+05	0.0055135	4.5574	38826	-0.032602	7.3762	0.11323
8	1.0502e+07	4.978e+05	0.00020299	4.5906	32392	0.036044	7.7286	0.098733
10	1.0584e+07	4.9434e+05	-0.0019869	4.5825	36154	0.081483	7.6737	0.10911
12	1.0658e+07	4.9289e+05	-0.0040956	4.5823	37643	0.064372	7.6975	0.11371
14	1.0729e+07	4.9372e+05	-0.0028764	4.5934	36536	0.043515	7.8227	0.11192
16	1.0791e+07	4.9698e+05	-0.005554	4.6118	32574	0.07894	8.1361	0.10365
18	1.0856e+07	5.0259e+05	-0.0086675	4.6446	26190	0.15335	8.6494	0.088458
20	1.0925e+07	5.0313e+05	0.0024956	4.6587	24966	0.035284	8.8113	0.0858
22	1.0971e+07	5.025e+05	-0.0014351	4.6656	24560	0.038447	8.9129	0.085394
24	1.1038e+07	5.0249e+05	7.907e-05	4.6815	23466	0.026662	9.1341	0.083508
26	1.1092e+07	4.9947e+05	0.0028909	4.6745	26082	-0.026523	8.9303	0.090712
28	1.1144e+07	5.0002e+05	0.0045854	4.7007	23884	-0.049435	9.1576	0.085133
30	1.1207e+07	4.9719e+05	-0.0015593	4.6933	26960	0.074025	8.8926	0.09317
32	1.126e+07	4.9847e+05	-0.0039229	4.7119	24085	0.081598	9.2528	0.086658
34	1.1322e+07	5.0124e+05	-0.0007707	4.7368	20919	0.071553	9.6842	0.078616
36	1.1375e+07	4.9792e+05	-0.0031644	4.7384	22675	0.025476	9.4958	0.083629
38	1.1427e+07	4.9537e+05	0.0028004	4.7374	24233	0.029711	9.3912	0.088401
40	1.1486e+07	4.9519e+05	0.0050357	4.7488	23645	0.03518	9.5422	0.087546
42	1.1541e+07	4.9452e+05	0.0021776	4.7619	23160	0.061959	9.6467	0.086657
44	1.1586e+07	4.9029e+05	0.0013104	4.7533	26236	-0.043944	9.3419	0.09516
46	1.1637e+07	4.8651e+05	0.0001458	4.7475	29246	-0.048154	9.0817	0.10313
48	1.168e+07	4.8487e+05	0.0057161	4.7611	29220	-0.097814	9.1297	0.10359
50	1.1739e+07	4.8381e+05	0.0023046	4.7767	28686	-0.0080727	9.2535	0.10303
52	1.1794e+07	4.8679e+05	0.0048131	4.8038	24907	-0.062658	9.7014	0.093652
54	1.1846e+07	4.8343e+05	0.0091415	4.8086	26788	-0.1079	9.4943	0.098619
56	1.1895e+07	4.8626e+05	0.0051156	4.8495	21904	-0.068648	10.191	0.086473
58	1.1945e+07	4.8292e+05	0.0039762	4.8551	23563	-0.075227	9.9688	0.091062
60	1.1996e+07	4.7809e+05	0.0044769	4.8524	26984	-0.054983	9.5926	0.10038
62	1.2055e+07	4.7851e+05	-0.001181	4.8672	25637	0.02434	9.8426	0.097753
64	1.2112e+07	4.7646e+05	0.0024106	4.8858	25226	0.025105	9.9177	0.097042
66	1.2161e+07	4.7358e+05	0.0034913	4.8913	26869	-0.064421	9.7375	0.10149
68	1.2214e+07	4.7101e+05	0.00087327	4.8997	27832	0.01484	9.7474	0.10519
70	1.227e+07	4.7029e+05	-0.0017386	4.9328	25994	0.025366	9.9815	0.10059
72	1.2315e+07	4.7185e+05	7.5423e-05	4.9618	22632	0.051317	10.463	0.091853
74	1.2375e+07	4.7008e+05	-0.0007108	4.9885	22350	0.078337	10.565	0.091484
76	1.2427e+07	4.6762e+05	0.0026784	5.004	22403	0.028181	10.602	0.092149
78	1.2485e+07	4.6496e+05	-0.0051497	5.0257	22274	0.11645	10.664	0.092268
80	1.2544e+07	4.6549e+05	-0.00051657	5.0592	19863	0.096743	11.137	0.085871
82	1.2596e+07	4.6286e+05	0.001209	5.0752	20610	0.088356	11.04	0.088303
84	1.265e+07	4.6145e+05	0.004139	5.1017	19693	0.080339	11.255	0.08605
86	1.271e+07	4.5706e+05	-0.0022279	5.1079	21947	0.083206	10.939	0.093244
88	1.2768e+07	4.5377e+05	-0.0010681	5.1185	23213	0.084831	10.799	0.097412
90	1.283e+07	4.5138e+05	0.0038979	5.1401	23203	0.0039245	10.853	0.097913
92	1.2896e+07	4.4993e+05	-0.0026399	5.1774	21510	0.096761	11.159	0.093415
94	1.2951e+07	4.4789e+05	0.0016386	5.201	21187	0.095152	11.304	0.093226
96	1.3017e+07	4.4472e+05	-0.00043007	5.2143	22610	0.0037758	11.197	0.098428
98	1.3087e+07	4.4012e+05	0.0034004	5.2398	23625	0.00086187	11.019	0.10144
100	1.315e+07	4.3996e+05	0.0018039	5.2826	21155	-0.0096723	11.457	0.09444
102	1.3224e+07	4.3443e+05	0.0080323	5.2849	24344	-0.039296	11.036	0.10476
104	1.3281e+07	4.3329e+05	0.0019845	5.3189	23211	0.018694	11.289	0.10209
106	1.3358e+07	4.3055e+05	-0.0066582	5.3635	22060	0.1579	11.55	0.099373
108	1.3431e+07	4.2967e+05	-0.0020394	5.4004	20413	0.085756	11.917	0.09489
110	1.3507e+07	4.2713e+05	-0.003546	5.431	20489	0.12801	11.967	0.095592
112	1.3579e+07	4.2312e+05	-0.001439	5.4528	21638	0.055944	11.802	0.099657
114	1.3657e+07	4.2092e+05	0.0056556	5.4862	21398	-0.064035	11.936	0.099589
116	1.3736e+07	4.1898e+05	-0.001457	5.5412	19280	-0.0023847	12.442	0.093649
118	1.3817e+07	4.1599e+05	-0.00089883	5.5679	19833	0.029974	12.37	0.095779
120	1.3898e+07	4.1362e+05	-0.0023513	5.6059	19737	0.10572	12.477	0.096007
122	1.3978e+07	4.1078e+05	0.00054121	5.6399	19583	0.07057	12.583	0.096134
124	1.4069e+07	4.0745e+05	0.0032897	5.6733	20089	0.05403	12.561	0.098416
126	1.416e+07	4.0438e+05	-0.0033912	5.7047	20326	0.14164	12.581	0.099785
128	1.4258e+07	4.014e+05	0.0049352	5.7482	20457	0.035668	12.61	0.10056
130	1.4357e+07	3.9708e+05	-0.0010385	5.773	22063	0.038662	12.393	0.10657
132	1.4462e+07	3.9457e+05	-0.0051358	5.8139	21919	0.078515	12.486	0.10659
134	1.4572e+07	3.9202e+05	0.00065899	5.8594	21470	0.045894	12.659	0.1058
136	1.4682e+07	3.8739e+05	-0.0049031	5.8809	23553	0.11173	12.356	0.11328
138	1.4793e+07	3.8647e+05	-0.0092047	5.94	21889	0.12564	12.718	0.10815
140	1.4927e+07	3.8559e+05	0.0044854	5.9921	20380	0.089252	13.182	0.10416
142	1.5052e+07	3.8467e+05	-0.0038778	6.057	18667	0.24406	13.683	0.098793
144	1.5178e+07	3.8112e+05	0.0018258	6.1076	18906	0.105	13.766	0.10057
146	1.5315e+07	3.7883e+05	0.0001483	6.1564	18781	0.11863	13.915	0.10076
148	1.546e+07	3.7529e+05	-0.00098967	6.1945	19895	0.14993	13.695	0.10491
150	1.5612e+07	3.7353e+05	-0.0028533	6.2442	19762	0.20659	13.846	0.105
152	1.5776e+07	3.7086e+05	-0.004846	6.2891	20103	0.21129	13.883	0.10687
154	1.5943e+07	3.6757e+05	-0.0065882	6.3295	21404	0.21475	13.664	0.11167
156	1.6117e+07	3.6619e+05	-0.0060517	6.3771	20909	0.21514	13.974	0.11121
158	1.6309e+07	3.6474e+05	-0.0070194	6.4495	20262	0.14938	14.156	0.10868
160	1.6512e+07	3.6245e+05	-0.0071139	6.5017	20811	0.12531	14.161	0.11115
162	1.6731e+07	3.6082e+05	-0.0053453	6.5516	21285	0.20947	14.202	0.11337
164	1.696e+07	3.6106e+05	-0.00078147	6.6314	19582	0.13889	14.725	0.10748
166	1.7214e+07	3.5975e+05	-0.0013314	6.6871	20027	0.1782	14.757	0.10941
168	1.7475e+07	3.5975e+05	0.0025664	6.7685	18814	0.16838	15.186	0.10501
170	1.776e+07	3.5889e+05	-0.0055571	6.8358	18834	0.12143	15.365	0.10551
172	1.8076e+07	3.577e+05	-0.0043452	6.8832	20038	0.16341	15.229	0.11027
174	1.8418e+07	3.5694e+05	0.0038872	6.9453	20646	0.087686	15.252	0.11271
176	1.8794e+07	3.5856e+05	0.00087333	7.0318	19456	0.070463	15.73	0.10825
178	1.9207e+07	3.5856e+05	0.0026736	7.0813	20909	0.056105	15.598	0.11383
180	1.9661e+07	3.6059e+05	0.00060529	7.1692	19927	0.13735	16.012	0.10986
182	2.0168e+07	3.6244e+05	0.0089165	7.2465	20208	0.0096177	16.16	0.11059
184	2.0738e+07	3.6436e+05	0.011575	7.3125	21152	-0.073492	16.127	0.1135
186	2.1384e+07	3.6883e+05	0.013681	7.3979	21031	-0.10592	16.364	0.112
188	2.2129e+07	3.7202e+05	0.011783	7.4565	22983	-0.083707	16.221	0.11847
190	2.2998e+07	3.776e+05	0.013142	7.5282	24118	-0.036068	16.244	0.12113
192	2.4032e+07	3.8601e+05	0.012497	7.615	24430	0.021885	16.492	0.12054
194	2.527e+07	3.9735e+05	0.0076865	7.7084	24550	0.034116	16.891	0.11924
196	2.678e+07	4.1096e+05	0.0057152	7.7921	25775	0.056122	17.136	0.12121
198	2.8732e+07	4.3034e+05	0.00913	7.8876	26672	0.024999	17.564	0.12127
200	3.1369e+07	4.5732e+05	0.010211	7.981	28763	0.014945	17.919	0.12374
202	3.5158e+07	4.9922e+05	0.009262	8.0558	34612	-0.0047895	17.646	0.13185
204	4.071e+07	5.6681e+05	0.0056108	8.1086	48183	0.065427	16.391	0.14664
206	4.6719e+07	6.5397e+05	0.0049724	8.1395	64460	0.032644	15.024	0.15393
208	4.5779e+07	6.5656e+05	-0.0043714	8.1448	71020	-0.01726	13.691	0.15385
210	3.1121e+07	4.3254e+05	-0.00029914	7.9777	80510	-0.035094	11.736	0.21496
212	1.2389e+07	1.8522e+05	0.014427	8.0526	24847	-0.051446	11.669	0.16277
214	2.6226e+06	1.8522e+05	0.014427	8.0526	24847	-0.051446	11.669	0.16277
216	3.5141e+05	1.8522e+05	0.014427	8.0526	24847	-0.051446	11.669	0.16277
218	1.1896e+05	1.8522e+05	0.014427	8.0526	24847	-0.051446	11.669	0.16277
220	1.075e+05	1.8522e+05	0.014427	8.0526	24847	-0.051446	11.669	0.16277
222	1.0523e+05	1.8522e+05	0.014427	8.0526	24847	-0.051446	11.669	0.16277
224	1.0353e+05	1.8522e+05	0.014427	8.0526	24847	-0.051446	11.669	0.16277
226	1.0323e+05	1.8522e+05	0.014427	8.0526	24847	-0.051446	11.669	0.16277
228	1.0271e+05	1.8522e+05	0.014427	8.0526	24847	-0.051446	11.669	0.16277
230	1.0057e+05	1.8522e+05	0.014427	8.0526	24847	-0.051446	11.669	0.16277
232	97305	1.8522e+05	0.014427	8.0526	24847	-0.051446	11.669	0.16277
234	96975	1.8522e+05	0.014427	8.0526	24847	-0.051446	11.669	0.16277
236	95287	1.8522e+05	0.014427	8.0526	24847	-0.051446	11.669	0.16277
238	94419	1.8522e+05	0.014427	8.0526	24847	-0.051446	11.669	0.16277
240	93281	1.8522e+05	0.014427	8.0526	24847	-0.051446	11.669	0.16277
242	92301	1.8522e+05	0.014427	8.0526	24847	-0.051446	11.669	0.16277
244	91366	1.8522e+05	0.014427	8.0526	24847	-0.051446	11.669	0.16277
246	87841	1.8522e+05	0.014427	8.0526	24847	-0.051446	11.669	0.16277
248	87862	1.8522e+05	0.014427	8.0526	24847	-0.051446	11.669	0.16277
250	86222	1.8522e+05	0.014427	8.0526	24847	-0.051446	11.669	0.16277
252	85851	1.8522e+05	0.014427	8.0526	24847	-0.051446	11.669	0.16277
254	84487	1.8522e+05	0.014427	8.0526	24847	-0.051446	11.669	0.16277
256	82185	1.8522e+05	0.014427	8.0526	24847	-0.051446	11.669	0.16277
258	81935	1.8522e+05	0.014427	8.0526	24847	-0.051446	11.669	0.16277
260	82191	1.8522e+05	0.014427	8.0526	24847	-0.051446	11.669	0.16277
262	79711	1.8522e+05	0.014427	8.0526	24847	-0.051446	11.669	0.16277
264	78894	1.8522e+05	0.014427	8.0526	24847	-0.051446	11.669	0.16277
266	77602	1.8522e+05	0.014427	8.0526	24847	-0.051446	11.669	0.16277
268	77343	1.8522e+05	0.014427	8.0526	24847	-0.051446	11.669	0.16277
270	77669	1.8522e+05	0.014427	8.0526	24847	-0.051446	11.669	0.16277
272	74691	1.8522e+05	0.014427	8.0526	24847	-0.051446	11.669	0.16277
274	73068	1.8522e+05	0.014427	8.0526	24847	-0.051446	11.669	0.16277
276	71737	1.8522e+05	0.014427	8.0526	24847	-0.051446	11.669	0.16277
278	71479	1.8522e+05	0.014427	8.0526	24847	-0.051446	11.669	0.16277
280	71121	1.8522e+05	0.014427	8.0526	24847	-0.051446	11.669	0.16277
282	69197	1.8522e+05	0.014427	8.0526	24847	-0.051446	11.669	0.16277
284	68909	1.8522e+05	0.014427	8.0526	24847	-0.051446	11.669	0.16277
286	68236	1.8522e+05	0.014427	8.0526	24847	-0.051446	11.669	0.16277
288	67900	1.8522e+05	0.014427	8.0526	24847	-0.051446	11.669	0.16277
290	66883	1.8522e+05	0.014427	8.0526	24847	-0.051446	11.669	0.16277
292	65605	1.8522e+05	0.014427	8.0526	24847	-0.051446	11.669	0.16277
294	64312	1.8522e+05	0.014427	8.0526	24847	-0.051446	11.669	0.16277
296	63305	1.8522e+05	0.014427	8.0526	24847	-0.051446	11.669	0.16277
298	61872	1.8522e+05	0.014427	8.0526	24847	-0.051446	11.669	0.16277
300	61716	1.8522e+05	0.014427	8.0526	24847	-0.051446	11.669	0.16277
302	61338	1.8522e+05	0.014427	8.0526	24847	-0.051446	11.669	0.16277
304	61319	1.8522e+05	0.014427	8.0526	24847	-0.051446	11.669	0.16277
306	60421	1.8522e+05	0.014427	8.0526	24847	-0.051446	11.669	0.16277
308	59640	1.8522e+05	0.014427	8.0526	24847	-0.051446	11.669	0.16277
310	58422	1.8522e+05	0.014427	8.0526	24847	-0.051446	11.669	0.16277
312	56198	1.8522e+05	0.014427	8.0526	24847	-0.051446	11.669	0.16277
314	56117	1.8522e+05	0.014427	8.0526	24847	-0.051446	11.669	0.16277
316	55300	1.8522e+05	0.014427	8.0526	24847	-0.051446	11.669	0.16277
318	55316	1.8522e+05	0.014427	8.0526	24847	-0.051446	11.669	0.16277
320	54885	1.8522e+05	0.014427	8.0526	24847	-0.051446	11.669	0.16277
322	54453	1.8522e+05	0.014427	8.0526	24847	-0.051446	11.669	0.16277
324	54022	1.8522e+05	0.014427	8.0526	24847	-0.051446	11.669	0.16277
326	52214	1.8522e+05	0.014427	8.0526	24847	-0.051446	11.669	0.16277
328	52429	1.8522e+05	0.014427	8.0526	24847	-0.051446	11.669	0.16277
330	51570	1.8522e+05	0.014427	8.0526	24847	-0.051446	11.669	0.16277
332	50952	1.8522e+05	0.014427	8.0526	24847	-0.051446	11.669	0.16277
334	49745	1.8522e+05	0.014427	8.0526	24847	-0.051446	11.669	0.16277
336	49388	1.8522e+05	0.014427	8.0526	24847	-0.051446	11.669	0.16277
338	48170	1.8522e+05	0.014427	8.0526	24847	-0.051446	11.669	0.16277
340	48784	1.8522e+05	0.014427	8.0526	24847	-0.051446	11.669	0.16277
342	47692	1.8522e+05	0.014427	8.0526	24847	-0.051446	11.669	0.16277
344	47923	1.8522e+05	0.014427	8.0526	24847	-0.051446	11.669	0.16277
346	46946	1.8522e+05	0.014427	8.0526	24847	-0.051446	11.669	0.16277
348	46856	1.8522e+05	0.014427	8.0526	24847	-0.051446	11.669	0.16277
350	45676	1.8522e+05	0.014427	8.0526	24847	-0.051446	11.669	0.16277
352	44228	1.8522e+05	0.014427	8.0526	24847	-0.051446	11.669	0.16277
354	44399	1.8522e+05	0.014427	8.0526	24847	-0.051446	11.669	0.16277
356	43102	1.8522e+05	0.014427	8.0526	24847	-0.051446	11.669	0.16277
358	42675	1.8522e+05	0.014427	8.0526	24847	-0.051446	11.669	0.16277
360	43366	1.8522e+05	0.014427	8.0526	24847	-0.051446	11.669	0.16277
362	42408	1.8522e+05	0.014427	8.0526	24847	-0.051446	11.669	0.16277
364	41282	1.8522e+05	0.014427	8.0526	24847	-0.051446	11.669	0.16277
366	41078	1.8522e+05	0.014427	8.0526	24847	-0.051446	11.669	0.16277
368	41006	1.8522e+05	0.014427	8.0526	24847	-0.051446	11.669	0.16277
370	40422	1.8522e+05	0.014427	8.0526	24847	-0.051446	11.669	0.16277
372	39873	1.8522e+05	0.014427	8.0526	24847	-0.051446	11.669	0.16277
374	40095	1.8522e+05	0.014427	8.0526	24847	-0.051446	11.669	0.16277
376	39301	1.8522e+05	0.014427	8.0526	24847	-0.051446	11.669	0.16277
378	38547	1.8522e+05	0.014427	8.0526	24847	-0.051446	11.669	0.16277
380	37580	1.8522e+05	0.014427	8.0526	24847	-0.051446	11.669	0.16277
382	37687	1.8522e+05	0.014427	8.0526	24847	-0.051446	11.669	0.16277
384	37162	1.8522e+05	0.014427	8.0526	24847	-0.051446	11.669	0.16277
386	36655	1.8522e+05	0.014427	8.0526	24847	-0.051446	11.669	0.16277
388	36933	1.8522e+05	0.014427	8.0526	24847	-0.051446	11.669	0.16277
390	35497	1.8522e+05	0.014427	8.0526	24847	-0.051446	11.669	0.16277
392	34652	1.8522e+05	0.014427	8.0526	24847	-0.051446	11.669	0.16277
394	35095	1.8522e+05	0.014427	8.0526	24847	-0.051446	11.669	0.16277
396	34226	1.8522e+05	0.014427	8.0526	24847	-0.051446	11.669	0.16277
398	33345	1.8522e+05	0.014427	8.0526	24847	-0.051446	11.669	0.16277
