0	1.0079e+07	4.9292e+05	-0.011358	4.6385	28021	0.10905	7.5855	0.085056
2	1.0216e+07	4.8918e+05	-0.011679	4.621	38145	0.15626	7.22	0.1086
4	1.0329e+07	4.9255e+05	-0.012282	4.6348	36586	0.12697	7.4021	0.10605
6	1.0418e+07	4.9931e+05	-0.008356	4.6611	30266	0.1205	7.7947	0.092039
8	1.0502e+07	4.9849e+05	-0.0051583	4.6674	31188	0.086675	7.8657	0.095378
10	1.0584e+07	5.0004e+05	-0.0056707	4.6848	29110	0.050086	8.0856	0.091301
12	1.0658e+07	4.9897e+05	-0.0055805	4.6784	30937	0.066522	8.1064	0.09701
14	1.0729e+07	5.0475e+05	-0.0035542	4.7098	24287	0.042666	8.679	0.081446
16	1.0791e+07	5.0032e+05	-0.0014633	4.7023	28297	0.074173	8.4638	0.092395
18	1.0856e+07	5.0024e+05	-0.0041293	4.7101	27865	0.035095	8.6125	0.092439
20	1.0925e+07	5.0574e+05	-0.0019564	4.7435	21494	0.029931	9.2923	0.076856
22	1.0971e+07	5.011e+05	-0.002287	4.7424	24761	0.049901	8.9578	0.085366
24	1.1038e+07	5.0486e+05	-0.0039587	4.7684	20532	0.035836	9.5425	0.075259
26	1.1092e+07	5.0254e+05	-0.006112	4.7706	21625	0.08618	9.4536	0.078571
28	1.1144e+07	5.028e+05	-0.0023765	4.7823	20578	-0.012615	9.6324	0.076156
30	1.1207e+07	5.0123e+05	-0.0032398	4.783	22383	0.11304	9.4545	0.081111
32	1.126e+07	5.0102e+05	-0.0019218	4.7996	21054	-0.0030498	9.6867	0.078179
34	1.1322e+07	4.9822e+05	-0.0033511	4.7974	23659	0.012045	9.3889	0.085035
36	1.1375e+07	4.9836e+05	-0.0018256	4.8075	22414	0.025214	9.6709	0.082966
38	1.1427e+07	4.9528e+05	0.0020043	4.8135	23472	0.018633	9.5888	0.086265
40	1.1486e+07	4.9563e+05	-0.00015499	4.8254	22632	0.053856	9.7587	0.08454
42	1.1541e+07	4.955e+05	-0.0028472	4.8431	21724	0.10697	9.8737	0.08205
44	1.1586e+07	4.9449e+05	-0.00039452	4.8579	21217	0.043903	9.9913	0.081091
46	1.1637e+07	4.9327e+05	-0.0027254	4.8642	21477	0.048785	9.9988	0.082147
48	1.168e+07	4.9306e+05	-0.0035781	4.8837	19985	0.06526	10.302	0.078767
50	1.1739e+07	4.9053e+05	-0.0030538	4.8902	21436	-0.014692	10.087	0.082686
52	1.1794e+07	4.9083e+05	0.0002872	4.9136	19748	-0.0055115	10.423	0.078632
54	1.1846e+07	4.8977e+05	-0.0001238	4.9259	19398	0.01344	10.518	0.077972
56	1.1895e+07	4.8741e+05	-0.0054778	4.9362	20214	0.1712	10.398	0.080339
58	1.1945e+07	4.8379e+05	0.0024139	4.9308	22448	-0.0066652	10.156	0.087234
60	1.1996e+07	4.8194e+05	-0.0024641	4.9441	22556	0.047089	10.225	0.088254
62	1.2055e+07	4.8219e+05	-0.0040019	4.9653	21516	0.10003	10.428	0.085683
64	1.2112e+07	4.8143e+05	-0.0053696	4.9895	20045	0.061568	10.73	0.082182
66	1.2161e+07	4.7909e+05	-0.0064463	5.0071	20371	0.081181	10.744	0.083611
68	1.2214e+07	4.742e+05	-0.0051331	4.9965	23968	0.11854	10.24	0.093868
70	1.227e+07	4.7433e+05	-0.0048662	5.029	21656	0.099584	10.618	0.08792
72	1.2315e+07	4.7145e+05	-0.0081009	5.043	21908	0.10114	10.634	0.089246
74	1.2375e+07	4.6985e+05	-0.0068545	5.0573	21546	0.12503	10.754	0.088847
76	1.2427e+07	4.6932e+05	-0.0067641	5.087	20113	0.063804	11.017	0.084933
78	1.2485e+07	4.6782e+05	-0.002008	5.1139	19459	-0.074434	11.21	0.083564
80	1.2544e+07	4.6607e+05	-0.00086713	5.1336	18903	-0.061888	11.348	0.082278
82	1.2596e+07	4.6291e+05	-0.0089923	5.1517	19881	0.18413	11.193	0.085345
84	1.265e+07	4.5958e+05	-0.0027262	5.1639	20788	-0.0014765	11.1	0.088615
86	1.271e+07	4.5703e+05	-0.0060574	5.1766	21257	0.055467	11.139	0.090974
88	1.2768e+07	4.5465e+05	-0.0085843	5.198	21454	0.041074	11.13	0.091766
90	1.283e+07	4.529e+05	-0.0050353	5.2168	21297	-0.04336	11.253	0.092094
92	1.2896e+07	4.5306e+05	-0.0032728	5.2651	18397	-0.040975	11.847	0.083715
94	1.2951e+07	4.4655e+05	-0.001073	5.2604	22374	-0.042143	11.192	0.09633
96	1.3017e+07	4.4512e+05	-0.012056	5.2848	21879	0.095239	11.306	0.095152
98	1.3087e+07	4.4205e+05	-0.0010256	5.3212	21435	-0.053308	11.416	0.094226
100	1.315e+07	4.3948e+05	-0.0060466	5.3365	21896	0.020228	11.423	0.096369
102	1.3224e+07	4.3559e+05	-0.00079201	5.3576	23328	-0.065778	11.241	0.10102
104	1.3281e+07	4.3484e+05	-0.0063754	5.397	21066	0.009286	11.675	0.094859
106	1.3358e+07	4.3266e+05	-0.0086318	5.4349	20334	0.021267	11.901	0.09331
108	1.3431e+07	4.2942e+05	-0.014863	5.4681	20237	0.1447	11.99	0.093659
110	1.3507e+07	4.2593e+05	-0.007329	5.4881	21309	-0.018674	11.855	0.097528
112	1.3579e+07	4.2517e+05	-0.0068757	5.5336	19339	0.059321	12.315	0.091926
114	1.3657e+07	4.2271e+05	-0.00083969	5.5651	19010	-0.022621	12.45	0.091414
116	1.3736e+07	4.1901e+05	0.00059474	5.5962	19685	-0.035817	12.358	0.093989
118	1.3817e+07	4.1696e+05	-0.00091535	5.639	18797	0.005366	12.651	0.091845
120	1.3898e+07	4.1326e+05	-0.0014	5.6602	19800	-0.040128	12.514	0.095783
122	1.3978e+07	4.1143e+05	-0.0075514	5.7037	18559	-0.01661	12.853	0.092273
124	1.4069e+07	4.0959e+05	-0.0021448	5.7455	17629	-0.02196	13.194	0.08995
126	1.416e+07	4.068e+05	-0.0038699	5.7875	17519	-0.0096379	13.289	0.089985
128	1.4258e+07	4.0451e+05	-0.006571	5.8266	17305	0.030428	13.39	0.089512
130	1.4357e+07	4.0156e+05	-0.0072895	5.8615	17487	0.006443	13.475	0.091
132	1.4462e+07	3.9622e+05	-0.009833	5.8838	19931	0.083694	12.927	0.099522
134	1.4572e+07	3.9462e+05	-0.0056622	5.9311	19034	0.041379	13.239	0.097196
136	1.4682e+07	3.9292e+05	-0.0087611	5.9862	17824	0.060358	13.683	0.093949
138	1.4793e+07	3.9021e+05	-0.007344	6.0211	18121	0.066988	13.734	0.095782
140	1.4927e+07	3.8717e+05	-0.0047102	6.0735	18119	0.047031	13.801	0.096125
142	1.5052e+07	3.8357e+05	0.0011527	6.1089	19188	0.0032217	13.561	0.099946
144	1.5178e+07	3.8139e+05	-0.00015632	6.1563	18854	0.035685	13.695	0.099075
146	1.5315e+07	3.8024e+05	-0.0011114	6.2251	17246	0.036294	14.352	0.094666
148	1.546e+07	3.7759e+05	-0.0016378	6.2746	17657	0.071825	14.28	0.096191
150	1.5612e+07	3.7485e+05	-0.00083584	6.3208	17896	0.049379	14.368	0.0979
152	1.5776e+07	3.7398e+05	0.00088063	6.3772	17054	0.017779	14.71	0.095179
154	1.5943e+07	3.6921e+05	-0.0095064	6.3997	19507	0.10856	14.149	0.10459
156	1.6117e+07	3.6655e+05	-0.010213	6.4527	20207	0.070156	14.139	0.10777
158	1.6309e+07	3.6654e+05	-0.0069014	6.5371	17972	0.029263	14.817	0.10002
160	1.6512e+07	3.6516e+05	-0.0075474	6.593	17665	0.10497	15.054	0.099474
162	1.6731e+07	3.6309e+05	-0.004631	6.6495	18069	0.059641	15.086	0.10145
164	1.696e+07	3.6202e+05	-0.0035671	6.7078	17710	0.058608	15.302	0.1004
166	1.7214e+07	3.5968e+05	-0.013145	6.7541	19086	0.14424	15.053	0.10576
168	1.7475e+07	3.6012e+05	-0.0013784	6.8364	17613	-0.051636	15.632	0.10058
170	1.776e+07	3.6001e+05	-0.0077211	6.9123	16938	-0.0097129	15.985	0.098126
172	1.8076e+07	3.5871e+05	-0.0070623	6.9536	18432	0.015491	15.681	0.10385
174	1.8418e+07	3.5824e+05	0.00026093	7.0144	18981	-0.029114	15.711	0.10608
176	1.8794e+07	3.59e+05	0.002121	7.0867	18792	-0.11435	15.955	0.10543
178	1.9207e+07	3.6018e+05	-0.0075116	7.1638	18487	0.050112	16.197	0.10398
180	1.9661e+07	3.6096e+05	-0.0067741	7.2228	19402	0.066055	16.163	0.10737
182	2.0168e+07	3.6319e+05	-0.0076894	7.2854	19901	-0.0021033	16.255	0.10894
184	2.0738e+07	3.6578e+05	-0.007116	7.3711	19819	0.077687	16.482	0.10806
186	2.1384e+07	3.6969e+05	-0.011838	7.4448	19987	0.17194	16.743	0.10841
188	2.2129e+07	3.7281e+05	-0.0048436	7.4981	22444	0.078313	16.391	0.1163
190	2.2998e+07	3.7877e+05	-0.01072	7.5718	23266	0.0033533	16.474	0.11789
192	2.4032e+07	3.8715e+05	-0.0069195	7.6616	23539	-0.05606	16.758	0.11738
194	2.527e+07	3.9898e+05	-0.0080598	7.7719	22389	-0.042275	17.467	0.112
196	2.678e+07	4.1263e+05	-0.0072334	7.8554	23689	0.080278	17.649	0.11425
198	2.8732e+07	4.3191e+05	0.0041702	7.954	24435	-0.015249	18.087	0.11399
200	3.1369e+07	4.5895e+05	0.0044903	8.0401	27014	-0.024318	18.3	0.11815
202	3.5158e+07	5.0001e+05	-0.00039743	8.1115	33323	0.0091234	17.872	0.12804
204	4.071e+07	5.6656e+05	-0.01121	8.1589	47045	0.061517	16.534	0.14404
206	4.6719e+07	6.5163e+05	0.0012135	8.1906	64998	-0.023614	14.939	0.15393
208	4.5779e+07	6.6012e+05	-0.0057484	8.2239	65607	0.079687	13.932	0.14411
210	3.1121e+07	4.7393e+05	-0.027608	8.2478	36665	0.16601	13.669	0.11365
212	1.2389e+07	1.8265e+05	-0.0069595	8.0037	27488	0.024537	11.545	0.17837
214	2.6226e+06	1.8265e+05	-0.0069595	8.0037	27488	0.024537	11.545	0.17837
216	3.5141e+05	1.8265e+05	-0.0069595	8.0037	27488	0.024537	11.545	0.17837
218	1.1896e+05	1.8265e+05	-0.0069595	8.0037	27488	0.024537	11.545	0.17837
220	1.075e+05	1.8265e+05	-0.0069595	8.0037	27488	0.024537	11.545	0.17837
222	1.0523e+05	1.8265e+05	-0.0069595	8.0037	27488	0.024537	11.545	0.17837
224	1.0353e+05	1.8265e+05	-0.0069595	8.0037	27488	0.024537	11.545	0.17837
226	1.0323e+05	1.8265e+05	-0.0069595	8.0037	27488	0.024537	11.545	0.17837
228	1.0271e+05	1.8265e+05	-0.0069595	8.0037	27488	0.024537	11.545	0.17837
230	1.0057e+05	1.8265e+05	-0.0069595	8.0037	27488	0.024537	11.545	0.17837
232	97305	1.8265e+05	-0.0069595	8.0037	27488	0.024537	11.545	0.17837
234	96975	1.8265e+05	-0.0069595	8.0037	27488	0.024537	11.545	0.17837
236	95287	1.8265e+05	-0.0069595	8.0037	27488	0.024537	11.545	0.17837
238	94419	1.8265e+05	-0.0069595	8.0037	27488	0.024537	11.545	0.17837
240	93281	1.8265e+05	-0.0069595	8.0037	27488	0.024537	11.545	0.17837
242	92301	1.8265e+05	-0.0069595	8.0037	27488	0.024537	11.545	0.17837
244	91366	1.8265e+05	-0.0069595	8.0037	27488	0.024537	11.545	0.17837
246	87841	1.8265e+05	-0.0069595	8.0037	27488	0.024537	11.545	0.17837
248	87862	1.8265e+05	-0.0069595	8.0037	27488	0.024537	11.545	0.17837
250	86222	1.8265e+05	-0.0069595	8.0037	27488	0.024537	11.545	0.17837
252	85851	1.8265e+05	-0.0069595	8.0037	27488	0.024537	11.545	0.17837
254	84487	1.8265e+05	-0.0069595	8.0037	27488	0.024537	11.545	0.17837
256	82185	1.8265e+05	-0.0069595	8.0037	27488	0.024537	11.545	0.17837
258	81935	1.8265e+05	-0.0069595	8.0037	27488	0.024537	11.545	0.17837
260	82191	1.8265e+05	-0.0069595	8.0037	27488	0.024537	11.545	0.17837
262	79711	1.8265e+05	-0.0069595	8.0037	27488	0.024537	11.545	0.17837
264	78894	1.8265e+05	-0.0069595	8.0037	27488	0.024537	11.545	0.17837
266	77602	1.8265e+05	-0.0069595	8.0037	27488	0.024537	11.545	0.17837
268	77343	1.8265e+05	-0.0069595	8.0037	27488	0.024537	11.545	0.17837
270	77669	1.8265e+05	-0.0069595	8.0037	27488	0.024537	11.545	0.17837
272	74691	1.8265e+05	-0.0069595	8.0037	27488	0.024537	11.545	0.17837
274	73068	1.8265e+05	-0.0069595	8.0037	27488	0.024537	11.545	0.17837
276	71737	1.8265e+05	-0.0069595	8.0037	27488	0.024537	11.545	0.17837
278	71479	1.8265e+05	-0.0069595	8.0037	27488	0.024537	11.545	0.17837
280	71121	1.8265e+05	-0.0069595	8.0037	27488	0.024537	11.545	0.17837
282	69197	1.8265e+05	-0.0069595	8.0037	27488	0.024537	11.545	0.17837
284	68909	1.8265e+05	-0.0069595	8.0037	27488	0.024537	11.545	0.17837
286	68236	1.8265e+05	-0.0069595	8.0037	27488	0.024537	11.545	0.17837
288	67900	1.8265e+05	-0.0069595	8.0037	27488	0.024537	11.545	0.17837
290	66883	1.8265e+05	-0.0069595	8.0037	27488	0.024537	11.545	0.17837
292	65605	1.8265e+05	-0.0069595	8.0037	27488	0.024537	11.545	0.17837
294	64312	1.8265e+05	-0.0069595	8.0037	27488	0.024537	11.545	0.17837
296	63305	1.8265e+05	-0.0069595	8.0037	27488	0.024537	11.545	0.17837
298	61872	1.8265e+05	-0.0069595	8.0037	27488	0.024537	11.545	0.17837
300	61716	1.8265e+05	-0.0069595	8.0037	27488	0.024537	11.545	0.17837
302	61338	1.8265e+05	-0.0069595	8.0037	27488	0.024537	11.545	0.17837
304	61319	1.8265e+05	-0.0069595	8.0037	27488	0.024537	11.545	0.17837
306	60421	1.8265e+05	-0.0069595	8.0037	27488	0.024537	11.545	0.17837
308	59640	1.8265e+05	-0.0069595	8.0037	27488	0.024537	11.545	0.17837
310	58422	1.8265e+05	-0.0069595	8.0037	27488	0.024537	11.545	0.17837
312	56198	1.8265e+05	-0.0069595	8.0037	27488	0.024537	11.545	0.17837
314	56117	1.8265e+05	-0.0069595	8.0037	27488	0.024537	11.545	0.17837
316	55300	1.8265e+05	-0.0069595	8.0037	27488	0.024537	11.545	0.17837
318	55316	1.8265e+05	-0.0069595	8.0037	27488	0.024537	11.545	0.17837
320	54885	1.8265e+05	-0.0069595	8.0037	27488	0.024537	11.545	0.17837
322	54453	1.8265e+05	-0.0069595	8.0037	27488	0.024537	11.545	0.17837
324	54022	1.8265e+05	-0.0069595	8.0037	27488	0.024537	11.545	0.17837
326	52214	1.8265e+05	-0.0069595	8.0037	27488	0.024537	11.545	0.17837
328	52429	1.8265e+05	-0.0069595	8.0037	27488	0.024537	11.545	0.17837
330	51570	1.8265e+05	-0.0069595	8.0037	27488	0.024537	11.545	0.17837
332	50952	1.8265e+05	-0.0069595	8.0037	27488	0.024537	11.545	0.17837
334	49745	1.8265e+05	-0.0069595	8.0037	27488	0.024537	11.545	0.17837
336	49388	1.8265e+05	-0.0069595	8.0037	27488	0.024537	11.545	0.17837
338	48170	1.8265e+05	-0.0069595	8.0037	27488	0.024537	11.545	0.17837
340	48784	1.8265e+05	-0.0069595	8.0037	27488	0.024537	11.545	0.17837
342	47692	1.8265e+05	-0.0069595	8.0037	27488	0.024537	11.545	0.17837
344	47923	1.8265e+05	-0.0069595	8.0037	27488	0.024537	11.545	0.17837
346	46946	1.8265e+05	-0.0069595	8.0037	27488	0.024537	11.545	0.17837
348	46856	1.8265e+05	-0.0069595	8.0037	27488	0.024537	11.545	0.17837
350	45676	1.8265e+05	-0.0069595	8.0037	27488	0.024537	11.545	0.17837
352	44228	1.8265e+05	-0.0069595	8.0037	27488	0.024537	11.545	0.17837
354	44399	1.8265e+05	-0.0069595	8.0037	27488	0.024537	11.545	0.17837
356	43102	1.8265e+05	-0.0069595	8.0037	27488	0.024537	11.545	0.17837
358	42675	1.8265e+05	-0.0069595	8.0037	27488	0.024537	11.545	0.17837
360	43366	1.8265e+05	-0.0069595	8.0037	27488	0.024537	11.545	0.17837
362	42408	1.8265e+05	-0.0069595	8.0037	27488	0.024537	11.545	0.17837
364	41282	1.8265e+05	-0.0069595	8.0037	27488	0.024537	11.545	0.17837
366	41078	1.8265e+05	-0.0069595	8.0037	27488	0.024537	11.545	0.17837
368	41006	1.8265e+05	-0.0069595	8.0037	27488	0.024537	11.545	0.17837
370	40422	1.8265e+05	-0.0069595	8.0037	27488	0.024537	11.545	0.17837
372	39873	1.8265e+05	-0.0069595	8.0037	27488	0.024537	11.545	0.17837
374	40095	1.8265e+05	-0.0069595	8.0037	27488	0.024537	11.545	0.17837
376	39301	1.8265e+05	-0.0069595	8.0037	27488	0.024537	11.545	0.17837
378	38547	1.8265e+05	-0.0069595	8.0037	27488	0.024537	11.545	0.17837
380	37580	1.8265e+05	-0.0069595	8.0037	27488	0.024537	11.545	0.17837
382	37687	1.8265e+05	-0.0069595	8.0037	27488	0.024537	11.545	0.17837
384	37162	1.8265e+05	-0.0069595	8.0037	27488	0.024537	11.545	0.17837
386	36655	1.8265e+05	-0.0069595	8.0037	27488	0.024537	11.545	0.17837
388	36933	1.8265e+05	-0.0069595	8.0037	27488	0.024537	11.545	0.17837
390	35497	1.8265e+05	-0.0069595	8.0037	27488	0.024537	11.545	0.17837
392	34652	1.8265e+05	-0.0069595	8.0037	27488	0.024537	11.545	0.17837
394	35095	1.8265e+05	-0.0069595	8.0037	27488	0.024537	11.545	0.17837
396	34226	1.8265e+05	-0.0069595	8.0037	27488	0.024537	11.545	0.17837
398	33345	1.8265e+05	-0.0069595	8.0037	27488	0.024537	11.545	0.17837
