52.588
54.62
56.631
58.62
60.588
62.535
64.462
66.367
68.253
70.118
71.963
73.789
75.595
77.381
79.149
80.898
82.629
84.341
86.035
87.711
89.369
91.01
92.633
94.24
95.83
97.403
98.96
100.5
102.03
103.53
105.03
106.51
107.97
109.42
110.85
112.27
113.68
115.07
116.45
117.81
119.16
120.5
121.83
123.14
124.44
125.73
127.01
128.27
129.53
130.77
132
133.22
134.43
135.63
136.82
138
139.17
140.33
141.48
142.63
143.76
144.89
146
147.11
148.21
149.31
150.39
151.47
152.54
153.61
154.67
155.72
156.76
157.81
158.84
159.87
160.89
161.91
162.93
163.94
164.94
165.94
166.94
167.94
168.93
169.91
170.9
171.88
172.86
173.84
174.81
175.78
176.75
177.72
178.69
179.66
180.63
181.6
182.56
183.53
184.49
185.46
186.43
187.4
188.37
189.34
190.31
191.28
192.26
193.24
194.22
195.2
196.19
197.18
198.17
199.16
200.16
201.17
202.18
203.19
204.2
205.23
206.25
207.28
208.32
209.37
210.41
211.47
212.53
213.6
214.68
215.76
216.85
217.95
219.05
220.16
221.29
222.41
223.55
224.7
225.86
227.02
228.2
229.38
230.58
231.78
233
234.22
235.46
236.71
237.97
239.24
240.52
241.82
243.13
244.44
245.78
247.12
248.48
249.85
251.24
252.64
254.05
255.48
256.92
258.37
259.84
261.33
262.83
264.35
265.88
267.43
269
270.58
272.18
273.79
275.43
277.07
278.74
280.43
282.13
283.85
285.59
287.35
289.13
290.92
292.74
294.58
296.43
298.31
300.2
