53.846
55.766
57.67
59.558
61.431
63.288
65.13
66.957
68.768
70.564
72.346
74.112
75.864
77.601
79.324
81.033
82.727
84.407
86.073
87.726
89.365
90.99
92.601
94.2
95.785
97.356
98.91
100.46
101.99
103.52
105.02
106.52
108
109.47
110.93
112.38
113.82
115.24
116.65
118.05
119.44
120.82
122.19
123.55
124.89
126.23
127.55
128.87
130.17
131.46
132.75
134.02
135.28
136.54
137.78
139.02
140.24
141.46
142.66
143.86
145.05
146.23
147.4
148.57
149.72
150.87
152.01
153.14
154.26
155.37
156.48
157.58
158.67
159.76
160.84
161.91
162.97
164.03
165.08
166.12
167.16
168.19
169.21
170.23
171.24
172.25
173.25
174.24
175.23
176.22
177.2
178.17
179.14
180.11
181.06
182.02
182.97
183.91
184.86
185.79
186.73
187.66
188.58
189.5
190.42
191.34
192.25
193.16
194.06
194.97
195.86
196.76
197.66
198.55
199.44
200.32
201.21
202.09
202.97
203.85
204.73
205.61
206.48
207.36
208.23
209.1
209.97
210.84
211.71
212.68
213.45
214.32
215.19
216.05
216.92
217.79
218.66
219.53
220.4
221.27
222.14
223.01
223.88
224.76
225.63
226.51
227.39
228.27
229.15
230.04
230.92
231.81
232.7
233.59
234.49
235.39
236.29
237.19
238.1
239.01
239.92
240.83
241.75
242.68
243.6
244.53
245.47
246.41
247.35
248.3
249.25
